MidLevelMode =	0						;
WindowTissue.x_TisMin =	-0.05104642						;
WindowTissue.x_TisMax =	0.05104642						;
WindowTissue.y_TisMin =	-0.00791967						;
WindowTissue.y_TisMax =	0.16914758						;
WindowPixel.XUL =	0						;
WindowPixel.YUL =	36						;
WindowPixel.XLR =	255						;
WindowPixel.YLR =	479						;
ViewPortPixel.XUL =	0						;
ViewPortPixel.YUL =	36						;
ViewPortPixel.XLR =	255						;
ViewPortPixel.YLR =	479						;
WindowTissueQ.x_TisMin =	-0.05104642						;
WindowTissueQ.x_TisMax =	0.05104642						;
WindowTissueQ.y_TisMin =	-0.00791967						;
WindowTissueQ.y_TisMax =	0.16914758						;
WindowPixelQ.XUL =	0						;
WindowPixelQ.YUL =	36						;
WindowPixelQ.XLR =	255						;
WindowPixelQ.YLR =	479						;
ScanAreaDscr.StartLine =	0.03065973	-0.00826499	1.04417133				;
ScanAreaDscr.StopLine =	-0.03065975	-0.00826500	2.09742165				;
ScanAreaDscr.StartDepth =	-0.00007304						;
ScanAreaDscr.StopDepth =	0.16931297						;
StartLineNum =	0						;
StopLineNum =	383						;
StartLineNumQ =	0						;
StopLineNumQ =	383						;
StartDepth =	0.00000000						;
StopDepth =	0.16914758						;
StartDepthQ =	-0.00007304						;
StopDepthQ =	0.16931297						;
DistRF_Smp =	0.00003700						;
ResmpFctVP =	0.16666667						;
ResmpFctSC =	0.55666983						;
ResmpFctCFM =	0.00000000						;
LineLengthRF =	4632						;
LineLengthVP =	768						;
LineLengthSC =	763						;
LineOffset =	0.00088800						;
Depth =	0.17027400						;
SmpFreq =	20000000.00000000						;
TotalNumb_Scanlines =	384						;
ScanLinesIndex =	0						;
ElementsIndex =	0						;
SC_LineOffset =	0.00099900						;
BF_RecalcFlag =	0						;
Scan_Line_Table =							;
Number	X	Y	Angle	CenterElemIdx	Int AperNum	Ext AperNum	;
0	0.03015711	-0.00912950	1.04417133	-0.24999237	0	0	;
1	0.03001435	-0.00904676	1.04692137	0.25000763	1	0	;
2	0.02987137	-0.00896442	1.04967129	0.75000763	1	0	;
3	0.02972816	-0.00888247	1.05242133	1.25000763	2	0	;
4	0.02958472	-0.00880091	1.05517137	1.75000763	2	0	;
5	0.02944106	-0.00871976	1.05792129	2.25000763	3	0	;
6	0.02929718	-0.00863899	1.06067133	2.75000763	3	0	;
7	0.02915307	-0.00855862	1.06342137	3.25000763	4	0	;
8	0.02900876	-0.00847865	1.06617129	3.75000763	4	0	;
9	0.02886421	-0.00839907	1.06892133	4.25000763	5	0	;
10	0.02871945	-0.00831989	1.07167137	4.75000763	5	0	;
11	0.02857447	-0.00824112	1.07442129	5.25000763	6	0	;
12	0.02842928	-0.00816274	1.07717133	5.75000763	6	0	;
13	0.02828386	-0.00808476	1.07992136	6.25000763	7	0	;
14	0.02813825	-0.00800717	1.08267128	6.75000763	7	0	;
15	0.02799241	-0.00793000	1.08542132	7.25000763	8	0	;
16	0.02784636	-0.00785322	1.08817136	7.75000763	8	0	;
17	0.02770010	-0.00777684	1.09092140	8.25000763	9	0	;
18	0.02755363	-0.00770086	1.09367132	8.75000763	9	0	;
19	0.02740695	-0.00762529	1.09642136	9.25000763	10	0	;
20	0.02726007	-0.00755013	1.09917140	9.75000763	10	0	;
21	0.02711298	-0.00747536	1.10192132	10.25000763	11	0	;
22	0.02696568	-0.00740100	1.10467136	10.75000763	11	0	;
23	0.02681818	-0.00732705	1.10742140	11.25000763	12	0	;
24	0.02667049	-0.00725351	1.11017132	11.75000763	12	0	;
25	0.02652258	-0.00718037	1.11292136	12.25000763	13	0	;
26	0.02637447	-0.00710763	1.11567140	12.75000763	13	0	;
27	0.02622617	-0.00703531	1.11842132	13.25000763	14	0	;
28	0.02607767	-0.00696339	1.12117136	13.75000763	14	0	;
29	0.02592897	-0.00689188	1.12392139	14.25000763	15	0	;
30	0.02578008	-0.00682078	1.12667131	14.75000763	15	0	;
31	0.02563099	-0.00675009	1.12942135	15.25000763	16	0	;
32	0.02548170	-0.00667981	1.13217139	15.75000763	16	0	;
33	0.02533223	-0.00660994	1.13492131	16.25000763	17	0	;
34	0.02518256	-0.00654048	1.13767135	16.75000763	17	0	;
35	0.02503270	-0.00647144	1.14042139	17.25000763	18	0	;
36	0.02488265	-0.00640281	1.14317131	17.75000763	18	0	;
37	0.02473241	-0.00633458	1.14592135	18.25000763	19	0	;
38	0.02458199	-0.00626678	1.14867139	18.75000763	19	0	;
39	0.02443139	-0.00619938	1.15142131	19.25000763	20	0	;
40	0.02428059	-0.00613240	1.15417135	19.75000763	20	0	;
41	0.02412961	-0.00606584	1.15692139	20.25000763	21	0	;
42	0.02397845	-0.00599969	1.15967131	20.75000763	21	0	;
43	0.02382711	-0.00593396	1.16242135	21.25000763	22	0	;
44	0.02367559	-0.00586864	1.16517138	21.75000763	22	0	;
45	0.02352389	-0.00580374	1.16792130	22.25000763	23	0	;
46	0.02337201	-0.00573926	1.17067134	22.75000763	23	0	;
47	0.02321995	-0.00567520	1.17342138	23.25000763	24	0	;
48	0.02306772	-0.00561155	1.17617130	23.75000763	24	0	;
49	0.02291532	-0.00554832	1.17892134	24.25000763	25	0	;
50	0.02276274	-0.00548552	1.18167138	24.75000763	25	0	;
51	0.02260999	-0.00542313	1.18442130	25.25000763	26	0	;
52	0.02245707	-0.00536116	1.18717134	25.75000763	26	0	;
53	0.02230397	-0.00529962	1.18992138	26.25000763	27	0	;
54	0.02215072	-0.00523849	1.19267130	26.75000763	27	0	;
55	0.02199729	-0.00517778	1.19542134	27.25000763	28	0	;
56	0.02184369	-0.00511751	1.19817138	27.75000763	28	0	;
57	0.02168994	-0.00505764	1.20092130	28.25000763	29	0	;
58	0.02153601	-0.00499821	1.20367134	28.75000763	29	0	;
59	0.02138192	-0.00493920	1.20642138	29.25000763	30	0	;
60	0.02122768	-0.00488061	1.20917130	29.75000763	30	0	;
61	0.02107327	-0.00482245	1.21192133	30.25000763	31	0	;
62	0.02091870	-0.00476471	1.21467137	30.75000763	31	0	;
63	0.02076397	-0.00470739	1.21742141	31.25000763	32	0	;
64	0.02060909	-0.00465051	1.22017133	31.75000763	32	0	;
65	0.02045405	-0.00459404	1.22292137	32.25000763	33	0	;
66	0.02029886	-0.00453801	1.22567141	32.75000763	33	0	;
67	0.02014351	-0.00448240	1.22842133	33.25000763	34	0	;
68	0.01998801	-0.00442722	1.23117137	33.75000763	34	0	;
69	0.01983236	-0.00437247	1.23392141	34.25000763	35	0	;
70	0.01967656	-0.00431814	1.23667133	34.75000763	35	0	;
71	0.01952061	-0.00426424	1.23942137	35.25000763	36	0	;
72	0.01936451	-0.00421078	1.24217141	35.75000763	36	0	;
73	0.01920827	-0.00415774	1.24492133	36.25000763	37	0	;
74	0.01905188	-0.00410513	1.24767137	36.75000763	37	0	;
75	0.01889535	-0.00405295	1.25042140	37.25000763	38	0	;
76	0.01873868	-0.00400121	1.25317132	37.75000763	38	0	;
77	0.01858186	-0.00394989	1.25592136	38.25000763	39	0	;
78	0.01842490	-0.00389901	1.25867140	38.75000763	39	0	;
79	0.01826780	-0.00384856	1.26142132	39.25000763	40	0	;
80	0.01811057	-0.00379854	1.26417136	39.75000763	40	0	;
81	0.01795319	-0.00374895	1.26692140	40.25000763	41	0	;
82	0.01779569	-0.00369979	1.26967132	40.75000763	41	0	;
83	0.01763804	-0.00365107	1.27242136	41.25000763	42	0	;
84	0.01748026	-0.00360278	1.27517140	41.75000763	42	0	;
85	0.01732235	-0.00355493	1.27792144	42.25000763	43	0	;
86	0.01716432	-0.00350751	1.28067136	42.75000763	43	0	;
87	0.01700615	-0.00346053	1.28342140	43.25000763	44	0	;
88	0.01684785	-0.00341397	1.28617144	43.75000763	44	0	;
89	0.01668943	-0.00336786	1.28892136	44.25000763	45	0	;
90	0.01653088	-0.00332218	1.29167140	44.75000763	45	0	;
91	0.01637220	-0.00327694	1.29442143	45.25000763	46	0	;
92	0.01621340	-0.00323214	1.29717135	45.75000763	46	0	;
93	0.01605448	-0.00318777	1.29992139	46.25000763	47	0	;
94	0.01589543	-0.00314384	1.30267143	46.75000763	47	0	;
95	0.01573627	-0.00310035	1.30542135	47.25000763	48	0	;
96	0.01557698	-0.00305729	1.30817139	47.75000763	48	0	;
97	0.01541758	-0.00301467	1.31092143	48.25000763	49	0	;
98	0.01525807	-0.00297249	1.31367135	48.75000763	49	0	;
99	0.01509843	-0.00293075	1.31642139	49.25000763	50	0	;
100	0.01493868	-0.00288945	1.31917143	49.75000763	50	0	;
101	0.01477883	-0.00284859	1.32192135	50.25000763	51	0	;
102	0.01461885	-0.00280817	1.32467139	50.75000763	51	0	;
103	0.01445877	-0.00276818	1.32742143	51.25000763	52	0	;
104	0.01429858	-0.00272864	1.33017135	51.75000763	52	0	;
105	0.01413828	-0.00268954	1.33292139	52.25000763	53	0	;
106	0.01397787	-0.00265088	1.33567142	52.75000763	53	0	;
107	0.01381736	-0.00261267	1.33842134	53.25000763	54	0	;
108	0.01365674	-0.00257489	1.34117138	53.75000763	54	0	;
109	0.01349602	-0.00253755	1.34392142	54.25000763	55	0	;
110	0.01333520	-0.00250066	1.34667134	54.75000763	55	0	;
111	0.01317427	-0.00246421	1.34942138	55.25000763	56	0	;
112	0.01301325	-0.00242820	1.35217142	55.75000763	56	0	;
113	0.01285213	-0.00239264	1.35492134	56.25000763	57	0	;
114	0.01269091	-0.00235752	1.35767138	56.75000763	57	0	;
115	0.01252959	-0.00232283	1.36042142	57.25000763	58	0	;
116	0.01236819	-0.00228860	1.36317134	57.75000763	58	0	;
117	0.01220668	-0.00225481	1.36592138	58.25000763	59	0	;
118	0.01204509	-0.00222147	1.36867142	58.75000763	59	0	;
119	0.01188341	-0.00218856	1.37142134	59.25000763	60	0	;
120	0.01172163	-0.00215611	1.37417138	59.75000763	60	0	;
121	0.01155976	-0.00212409	1.37692142	60.25000763	61	0	;
122	0.01139781	-0.00209253	1.37967134	60.75000763	61	0	;
123	0.01123577	-0.00206141	1.38242137	61.25000763	62	0	;
124	0.01107365	-0.00203073	1.38517141	61.75000763	62	0	;
125	0.01091144	-0.00200051	1.38792133	62.25000763	63	0	;
126	0.01074915	-0.00197072	1.39067137	62.75000763	63	0	;
127	0.01058678	-0.00194138	1.39342141	63.25000763	64	0	;
128	0.01042433	-0.00191249	1.39617133	63.75000763	64	0	;
129	0.01026180	-0.00188405	1.39892137	64.25000763	65	0	;
130	0.01009919	-0.00185605	1.40167141	64.75000763	65	0	;
131	0.00993651	-0.00182850	1.40442133	65.25000763	66	0	;
132	0.00977375	-0.00180140	1.40717137	65.75000763	66	0	;
133	0.00961091	-0.00177475	1.40992141	66.25000763	67	0	;
134	0.00944801	-0.00174854	1.41267133	66.75000763	67	0	;
135	0.00928503	-0.00172279	1.41542137	67.25000763	68	0	;
136	0.00912198	-0.00169747	1.41817141	67.75000763	68	0	;
137	0.00895887	-0.00167262	1.42092133	68.25000763	69	0	;
138	0.00879569	-0.00164820	1.42367136	68.75000763	69	0	;
139	0.00863243	-0.00162424	1.42642140	69.25000763	70	0	;
140	0.00846912	-0.00160072	1.42917132	69.75000763	70	0	;
141	0.00830574	-0.00157766	1.43192136	70.25000763	71	0	;
142	0.00814230	-0.00155504	1.43467140	70.75000763	71	0	;
143	0.00797879	-0.00153288	1.43742144	71.25000763	72	0	;
144	0.00781523	-0.00151116	1.44017136	71.75000763	72	0	;
145	0.00765160	-0.00148989	1.44292140	72.25000763	73	0	;
146	0.00748792	-0.00146907	1.44567144	72.75000763	73	0	;
147	0.00732419	-0.00144871	1.44842136	73.25000763	74	0	;
148	0.00716039	-0.00142879	1.45117140	73.75000763	74	0	;
149	0.00699654	-0.00140933	1.45392144	74.25000763	75	0	;
150	0.00683264	-0.00139031	1.45667136	74.75000763	75	0	;
151	0.00666869	-0.00137175	1.45942140	75.25000763	76	0	;
152	0.00650468	-0.00135364	1.46217144	75.75000763	76	0	;
153	0.00634063	-0.00133597	1.46492147	76.25000763	77	0	;
154	0.00617654	-0.00131876	1.46767139	76.75000763	77	0	;
155	0.00601239	-0.00130200	1.47042143	77.25000763	78	0	;
156	0.00584819	-0.00128569	1.47317147	77.75000763	78	0	;
157	0.00568396	-0.00126984	1.47592139	78.25000763	79	0	;
158	0.00551968	-0.00125443	1.47867143	78.75000763	79	0	;
159	0.00535535	-0.00123947	1.48142147	79.25000763	80	0	;
160	0.00519100	-0.00122498	1.48417139	79.75000763	80	0	;
161	0.00502660	-0.00121092	1.48692143	80.25000763	81	0	;
162	0.00486215	-0.00119733	1.48967147	80.75000763	81	0	;
163	0.00469768	-0.00118418	1.49242139	81.25000763	82	0	;
164	0.00453317	-0.00117149	1.49517143	81.75000763	82	0	;
165	0.00436862	-0.00115925	1.49792147	82.25000763	83	0	;
166	0.00420405	-0.00114747	1.50067139	82.75000763	83	0	;
167	0.00403944	-0.00113613	1.50342143	83.25000763	84	0	;
168	0.00387479	-0.00112525	1.50617146	83.75000763	84	0	;
169	0.00371013	-0.00111482	1.50892138	84.25000763	85	0	;
170	0.00354543	-0.00110484	1.51167142	84.75000763	85	0	;
171	0.00338070	-0.00109532	1.51442146	85.25000763	86	0	;
172	0.00321595	-0.00108625	1.51717138	85.75000763	86	0	;
173	0.00305118	-0.00107763	1.51992142	86.25000763	87	0	;
174	0.00288638	-0.00106947	1.52267146	86.75000763	87	0	;
175	0.00272156	-0.00106176	1.52542138	87.25000763	88	0	;
176	0.00255672	-0.00105450	1.52817142	87.75000763	88	0	;
177	0.00239186	-0.00104770	1.53092146	88.25000763	89	0	;
178	0.00222699	-0.00104134	1.53367138	88.75000763	89	0	;
179	0.00206209	-0.00103545	1.53642142	89.25000763	90	0	;
180	0.00189718	-0.00103000	1.53917146	89.75000763	90	0	;
181	0.00173226	-0.00102501	1.54192138	90.25000763	91	0	;
182	0.00156732	-0.00102047	1.54467142	90.75000763	91	0	;
183	0.00140236	-0.00101639	1.54742146	91.25000763	92	0	;
184	0.00123741	-0.00101276	1.55017138	91.75000763	92	0	;
185	0.00107244	-0.00100958	1.55292141	92.25000763	93	0	;
186	0.00090746	-0.00100686	1.55567145	92.75000763	93	0	;
187	0.00074248	-0.00100459	1.55842137	93.25000763	94	0	;
188	0.00057749	-0.00100278	1.56117141	93.75000763	94	0	;
189	0.00041249	-0.00100142	1.56392145	94.25000763	95	0	;
190	0.00024750	-0.00100051	1.56667137	94.75000763	95	0	;
191	0.00008249	-0.00100005	1.56942141	95.25000763	96	0	;
192	-0.00008251	-0.00100005	1.57217145	95.75000763	96	0	;
193	-0.00024750	-0.00100051	1.57492137	96.25000763	97	0	;
194	-0.00041250	-0.00100142	1.57767141	96.75000763	97	0	;
195	-0.00057750	-0.00100278	1.58042145	97.25000763	98	0	;
196	-0.00074248	-0.00100460	1.58317137	97.75000763	98	0	;
197	-0.00090747	-0.00100686	1.58592141	98.25000763	99	0	;
198	-0.00107245	-0.00100959	1.58867145	98.75000763	99	0	;
199	-0.00123741	-0.00101276	1.59142137	99.25000763	100	0	;
200	-0.00140238	-0.00101639	1.59417140	99.75000763	100	0	;
201	-0.00156733	-0.00102047	1.59692144	100.25000763	101	0	;
202	-0.00173226	-0.00102501	1.59967136	100.75000763	101	0	;
203	-0.00189719	-0.00103000	1.60242140	101.25000763	102	0	;
204	-0.00206210	-0.00103544	1.60517144	101.75000763	102	0	;
205	-0.00222699	-0.00104135	1.60792136	102.25000763	103	0	;
206	-0.00239187	-0.00104769	1.61067140	102.75000763	103	0	;
207	-0.00255673	-0.00105450	1.61342144	103.25000763	104	0	;
208	-0.00272157	-0.00106176	1.61617136	103.75000763	104	0	;
209	-0.00288639	-0.00106946	1.61892140	104.25000763	105	0	;
210	-0.00305119	-0.00107763	1.62167144	104.75000763	105	0	;
211	-0.00321596	-0.00108625	1.62442136	105.25000763	106	0	;
212	-0.00338072	-0.00109532	1.62717152	105.75000763	106	0	;
213	-0.00354544	-0.00110484	1.62992144	106.25000763	107	0	;
214	-0.00371013	-0.00111482	1.63267136	106.75000763	107	0	;
215	-0.00387481	-0.00112525	1.63542151	107.25000763	108	0	;
216	-0.00403945	-0.00113613	1.63817143	107.75000763	108	0	;
217	-0.00420405	-0.00114746	1.64092135	108.25000763	109	0	;
218	-0.00436864	-0.00115926	1.64367151	108.75000763	109	0	;
219	-0.00453318	-0.00117149	1.64642143	109.25000763	110	0	;
220	-0.00469769	-0.00118418	1.64917135	109.75000763	110	0	;
221	-0.00486217	-0.00119733	1.65192151	110.25000763	111	0	;
222	-0.00502661	-0.00121093	1.65467143	110.75000763	111	0	;
223	-0.00519100	-0.00122498	1.65742135	111.25000763	112	0	;
224	-0.00535537	-0.00123947	1.66017151	111.75000763	112	0	;
225	-0.00551969	-0.00125443	1.66292143	112.25000763	113	0	;
226	-0.00568397	-0.00126984	1.66567135	112.75000763	113	0	;
227	-0.00584821	-0.00128569	1.66842151	113.25000763	114	0	;
228	-0.00601240	-0.00130200	1.67117143	113.75000763	114	0	;
229	-0.00617655	-0.00131876	1.67392147	114.25000763	115	0	;
230	-0.00634065	-0.00133597	1.67667150	114.75000763	115	0	;
231	-0.00650470	-0.00135364	1.67942142	115.25000763	116	0	;
232	-0.00666870	-0.00137175	1.68217146	115.75000763	116	0	;
233	-0.00683266	-0.00139031	1.68492150	116.25000763	117	0	;
234	-0.00699655	-0.00140933	1.68767142	116.75000763	117	0	;
235	-0.00716040	-0.00142879	1.69042146	117.25000763	118	0	;
236	-0.00732420	-0.00144871	1.69317150	117.75000763	118	0	;
237	-0.00748793	-0.00146908	1.69592142	118.25000763	119	0	;
238	-0.00765161	-0.00148989	1.69867146	118.75000763	119	0	;
239	-0.00781524	-0.00151116	1.70142150	119.25000763	120	0	;
240	-0.00797880	-0.00153288	1.70417142	119.75000763	120	0	;
241	-0.00814231	-0.00155504	1.70692146	120.25000763	121	0	;
242	-0.00830575	-0.00157766	1.70967150	120.75000763	121	0	;
243	-0.00846913	-0.00160072	1.71242142	121.25000763	122	0	;
244	-0.00863245	-0.00162424	1.71517146	121.75000763	122	0	;
245	-0.00879570	-0.00164820	1.71792150	122.25000763	123	0	;
246	-0.00895888	-0.00167261	1.72067142	122.75000763	123	0	;
247	-0.00912200	-0.00169748	1.72342145	123.25000763	124	0	;
248	-0.00928505	-0.00172279	1.72617149	123.75000763	124	0	;
249	-0.00944802	-0.00174854	1.72892141	124.25000763	125	0	;
250	-0.00961093	-0.00177475	1.73167145	124.75000763	125	0	;
251	-0.00977376	-0.00180141	1.73442149	125.25000763	126	0	;
252	-0.00993652	-0.00182850	1.73717141	125.75000763	126	0	;
253	-0.01009920	-0.00185606	1.73992145	126.25000763	127	0	;
254	-0.01026181	-0.00188405	1.74267149	126.75000763	127	0	;
255	-0.01042434	-0.00191250	1.74542141	127.25000763	128	0	;
256	-0.01058679	-0.00194139	1.74817145	127.75000763	128	0	;
257	-0.01074916	-0.00197072	1.75092149	128.25000000	129	0	;
258	-0.01091145	-0.00200051	1.75367141	128.75000000	129	0	;
259	-0.01107366	-0.00203073	1.75642145	129.25000000	130	0	;
260	-0.01123578	-0.00206141	1.75917149	129.75000000	130	0	;
261	-0.01139782	-0.00209253	1.76192141	130.25000000	131	0	;
262	-0.01155977	-0.00212410	1.76467144	130.75000000	131	0	;
263	-0.01172164	-0.00215611	1.76742148	131.25000000	132	0	;
264	-0.01188341	-0.00218857	1.77017140	131.75000000	132	0	;
265	-0.01204510	-0.00222147	1.77292144	132.25000000	133	0	;
266	-0.01220670	-0.00225481	1.77567148	132.75000000	133	0	;
267	-0.01236819	-0.00228860	1.77842140	133.25000000	134	0	;
268	-0.01252961	-0.00232284	1.78117144	133.75000000	134	0	;
269	-0.01269092	-0.00235752	1.78392148	134.25000000	135	0	;
270	-0.01285214	-0.00239265	1.78667140	134.75000000	135	0	;
271	-0.01301326	-0.00242821	1.78942144	135.25000000	136	0	;
272	-0.01317429	-0.00246421	1.79217148	135.75000000	136	0	;
273	-0.01333520	-0.00250066	1.79492140	136.25000000	137	0	;
274	-0.01349603	-0.00253756	1.79767144	136.75000000	137	0	;
275	-0.01365675	-0.00257489	1.80042148	137.25000000	138	0	;
276	-0.01381736	-0.00261267	1.80317140	137.75000000	138	0	;
277	-0.01397788	-0.00265089	1.80592144	138.25000000	139	0	;
278	-0.01413829	-0.00268955	1.80867147	138.75000000	139	0	;
279	-0.01429858	-0.00272865	1.81142139	139.25000000	140	0	;
280	-0.01445878	-0.00276819	1.81417143	139.75000000	140	0	;
281	-0.01461886	-0.00280817	1.81692147	140.25000000	141	0	;
282	-0.01477883	-0.00284860	1.81967139	140.75000000	141	0	;
283	-0.01493869	-0.00288945	1.82242143	141.25000000	142	0	;
284	-0.01509844	-0.00293075	1.82517147	141.75000000	142	0	;
285	-0.01525807	-0.00297249	1.82792139	142.25000000	143	0	;
286	-0.01541760	-0.00301468	1.83067155	142.75000000	143	0	;
287	-0.01557699	-0.00305729	1.83342147	143.25000000	144	0	;
288	-0.01573627	-0.00310035	1.83617139	143.75000000	144	0	;
289	-0.01589545	-0.00314384	1.83892155	144.25000000	145	0	;
290	-0.01605449	-0.00318777	1.84167147	144.75000000	145	0	;
291	-0.01621340	-0.00323214	1.84442139	145.25000000	146	0	;
292	-0.01637221	-0.00327695	1.84717155	145.75000000	146	0	;
293	-0.01653089	-0.00332219	1.84992146	146.25000000	147	0	;
294	-0.01668943	-0.00336787	1.85267138	146.75000000	147	0	;
295	-0.01684787	-0.00341398	1.85542154	147.25000000	148	0	;
296	-0.01700616	-0.00346053	1.85817146	147.75000000	148	0	;
297	-0.01716432	-0.00350751	1.86092138	148.25000000	149	0	;
298	-0.01732237	-0.00355494	1.86367154	148.75000000	149	0	;
299	-0.01748027	-0.00360278	1.86642146	149.25000000	150	0	;
300	-0.01763805	-0.00365108	1.86917138	149.75000000	150	0	;
301	-0.01779570	-0.00369979	1.87192154	150.25000000	151	0	;
302	-0.01795320	-0.00374895	1.87467146	150.75000000	151	0	;
303	-0.01811058	-0.00379854	1.87742150	151.25000000	152	0	;
304	-0.01826781	-0.00384856	1.88017154	151.75000000	152	0	;
305	-0.01842491	-0.00389901	1.88292146	152.25000000	153	0	;
306	-0.01858187	-0.00394990	1.88567150	152.75000000	153	0	;
307	-0.01873869	-0.00400121	1.88842154	153.25000000	154	0	;
308	-0.01889536	-0.00405296	1.89117146	153.75000000	154	0	;
309	-0.01905189	-0.00410514	1.89392149	154.25000000	155	0	;
310	-0.01920828	-0.00415774	1.89667153	154.75000000	155	0	;
311	-0.01936452	-0.00421078	1.89942145	155.25000000	156	0	;
312	-0.01952062	-0.00426425	1.90217149	155.75000000	156	0	;
313	-0.01967657	-0.00431815	1.90492153	156.25000000	157	0	;
314	-0.01983237	-0.00437247	1.90767145	156.75000000	157	0	;
315	-0.01998802	-0.00442722	1.91042149	157.25000000	158	0	;
316	-0.02014352	-0.00448240	1.91317153	157.75000000	158	0	;
317	-0.02029887	-0.00453801	1.91592145	158.25000000	159	0	;
318	-0.02045406	-0.00459405	1.91867149	158.75000000	159	0	;
319	-0.02060910	-0.00465051	1.92142153	159.25000000	160	0	;
320	-0.02076398	-0.00470740	1.92417145	159.75000000	160	0	;
321	-0.02091871	-0.00476471	1.92692149	160.25000000	161	0	;
322	-0.02107328	-0.00482246	1.92967153	160.75000000	161	0	;
323	-0.02122768	-0.00488061	1.93242145	161.25000000	162	0	;
324	-0.02138193	-0.00493921	1.93517148	161.75000000	162	0	;
325	-0.02153602	-0.00499822	1.93792152	162.25000000	163	0	;
326	-0.02168994	-0.00505765	1.94067144	162.75000000	163	0	;
327	-0.02184370	-0.00511751	1.94342148	163.25000000	164	0	;
328	-0.02199730	-0.00517779	1.94617152	163.75000000	164	0	;
329	-0.02215072	-0.00523849	1.94892144	164.25000000	165	0	;
330	-0.02230398	-0.00529962	1.95167148	164.75000000	165	0	;
331	-0.02245708	-0.00536117	1.95442152	165.25000000	166	0	;
332	-0.02260999	-0.00542313	1.95717144	165.75000000	166	0	;
333	-0.02276275	-0.00548552	1.95992148	166.25000000	167	0	;
334	-0.02291533	-0.00554833	1.96267152	166.75000000	167	0	;
335	-0.02306773	-0.00561155	1.96542144	167.25000000	168	0	;
336	-0.02321996	-0.00567520	1.96817148	167.75000000	168	0	;
337	-0.02337202	-0.00573926	1.97092152	168.25000000	169	0	;
338	-0.02352389	-0.00580375	1.97367144	168.75000000	169	0	;
339	-0.02367559	-0.00586865	1.97642148	169.25000000	170	0	;
340	-0.02382712	-0.00593397	1.97917151	169.75000000	170	0	;
341	-0.02397846	-0.00599969	1.98192143	170.25000000	171	0	;
342	-0.02412962	-0.00606585	1.98467147	170.75000000	171	0	;
343	-0.02428060	-0.00613241	1.98742151	171.25000000	172	0	;
344	-0.02443139	-0.00619939	1.99017143	171.75000000	172	0	;
345	-0.02458200	-0.00626678	1.99292147	172.25000000	173	0	;
346	-0.02473243	-0.00633459	1.99567151	172.75000000	173	0	;
347	-0.02488266	-0.00640281	1.99842143	173.25000000	174	0	;
348	-0.02503271	-0.00647144	2.00117159	173.75000000	174	0	;
349	-0.02518257	-0.00654049	2.00392151	174.25000000	175	0	;
350	-0.02533223	-0.00660995	2.00667143	174.75000000	175	0	;
351	-0.02548170	-0.00667981	2.00942135	175.25000000	176	0	;
352	-0.02563100	-0.00675010	2.01217151	175.75000000	176	0	;
353	-0.02578008	-0.00682079	2.01492143	176.25000000	177	0	;
354	-0.02592899	-0.00689189	2.01767159	176.75000000	177	0	;
355	-0.02607768	-0.00696339	2.02042150	177.25000000	178	0	;
356	-0.02622618	-0.00703531	2.02317142	177.75000000	178	0	;
357	-0.02637449	-0.00710764	2.02592158	178.25000000	179	0	;
358	-0.02652259	-0.00718037	2.02867150	178.75000000	179	0	;
359	-0.02667049	-0.00725351	2.03142142	179.25000000	180	0	;
360	-0.02681820	-0.00732706	2.03417158	179.75000000	180	0	;
361	-0.02696569	-0.00740101	2.03692150	180.25000000	181	0	;
362	-0.02711298	-0.00747536	2.03967142	180.75000000	181	0	;
363	-0.02726008	-0.00755014	2.04242158	181.25000000	182	0	;
364	-0.02740696	-0.00762530	2.04517150	181.75000000	182	0	;
365	-0.02755365	-0.00770088	2.04792166	182.25000000	183	0	;
366	-0.02770011	-0.00777685	2.05067158	182.75000000	183	0	;
367	-0.02784637	-0.00785322	2.05342150	183.25000000	184	0	;
368	-0.02799241	-0.00793000	2.05617142	183.75000000	184	0	;
369	-0.02813824	-0.00800717	2.05892134	184.25000000	185	0	;
370	-0.02828387	-0.00808476	2.06167150	184.75000000	185	0	;
371	-0.02842929	-0.00816275	2.06442165	185.25000000	186	0	;
372	-0.02857448	-0.00824112	2.06717157	185.75000000	186	0	;
373	-0.02871946	-0.00831990	2.06992149	186.25000000	187	0	;
374	-0.02886422	-0.00839908	2.07267141	186.75000000	187	0	;
375	-0.02900876	-0.00847865	2.07542133	187.25000000	188	0	;
376	-0.02915309	-0.00855863	2.07817149	187.75000000	188	0	;
377	-0.02929720	-0.00863900	2.08092165	188.25000000	189	0	;
378	-0.02944108	-0.00871976	2.08367157	188.75000000	189	0	;
379	-0.02958473	-0.00880092	2.08642149	189.25000000	190	0	;
380	-0.02972816	-0.00888247	2.08917141	189.75000000	190	0	;
381	-0.02987137	-0.00896442	2.09192133	190.25000000	191	0	;
382	-0.03001436	-0.00904677	2.09467149	190.75000000	191	0	;
383	-0.03015713	-0.00912951	2.09742165	191.25000000	192	0	;
Element_Position_Table =							;
X	Y	Angle	BusLine	Number			;
0.03008576	-0.00908808	1.04554629	0	0			;
0.02979979	-0.00892340	1.05104625	1	1			;
0.02951292	-0.00876029	1.05654633	2	2			;
0.02922516	-0.00859876	1.06204629	3	3			;
0.02893651	-0.00843881	1.06754625	4	4			;
0.02864699	-0.00828046	1.07304633	5	5			;
0.02835660	-0.00812370	1.07854629	6	6			;
0.02806535	-0.00796853	1.08404636	7	7			;
0.02777326	-0.00781498	1.08954632	8	8			;
0.02748032	-0.00766303	1.09504628	9	9			;
0.02718655	-0.00751270	1.10054636	10	10			;
0.02689196	-0.00736398	1.10604632	11	11			;
0.02659656	-0.00721689	1.11154628	12	12			;
0.02630035	-0.00707142	1.11704636	13	13			;
0.02600335	-0.00692758	1.12254632	14	14			;
0.02570556	-0.00678539	1.12804627	15	15			;
0.02540699	-0.00664483	1.13354635	16	16			;
0.02510765	-0.00650591	1.13904631	17	17			;
0.02480756	-0.00636864	1.14454627	18	18			;
0.02450671	-0.00623303	1.15004635	19	19			;
0.02420512	-0.00609907	1.15554631	20	20			;
0.02390281	-0.00596678	1.16104627	21	21			;
0.02359976	-0.00583614	1.16654634	22	22			;
0.02329601	-0.00570717	1.17204630	23	23			;
0.02299155	-0.00557989	1.17754626	24	24			;
0.02268639	-0.00545427	1.18304634	25	25			;
0.02238054	-0.00533034	1.18854630	26	26			;
0.02207402	-0.00520808	1.19404638	27	27			;
0.02176684	-0.00508752	1.19954634	28	28			;
0.02145899	-0.00496865	1.20504630	29	29			;
0.02115049	-0.00485147	1.21054637	30	30			;
0.02084136	-0.00473600	1.21604633	31	31			;
0.02053159	-0.00462222	1.22154629	32	32			;
0.02022120	-0.00451015	1.22704637	33	33			;
0.01991021	-0.00439979	1.23254633	34	34			;
0.01959860	-0.00429114	1.23804641	35	35			;
0.01928641	-0.00418420	1.24354637	36	36			;
0.01897364	-0.00407899	1.24904633	37	37			;
0.01866028	-0.00397550	1.25454640	38	38			;
0.01834637	-0.00387373	1.26004636	39	39			;
0.01803190	-0.00377369	1.26554632	40	40			;
0.01771688	-0.00367538	1.27104640	41	41			;
0.01740133	-0.00357880	1.27654636	42	42			;
0.01708525	-0.00348397	1.28204632	43	43			;
0.01676865	-0.00339087	1.28754640	44	44			;
0.01645155	-0.00329951	1.29304636	45	45			;
0.01613396	-0.00320990	1.29854631	46	46			;
0.01581586	-0.00312204	1.30404639	47	47			;
0.01549730	-0.00303593	1.30954635	48	48			;
0.01517827	-0.00295157	1.31504631	49	49			;
0.01485877	-0.00286897	1.32054639	50	50			;
0.01453883	-0.00278812	1.32604635	51	51			;
0.01421844	-0.00270904	1.33154631	52	52			;
0.01389763	-0.00263172	1.33704638	53	53			;
0.01357639	-0.00255617	1.34254634	54	54			;
0.01325475	-0.00248238	1.34804630	55	55			;
0.01293270	-0.00241036	1.35354638	56	56			;
0.01261027	-0.00234012	1.35904634	57	57			;
0.01228745	-0.00227166	1.36454630	58	58			;
0.01196426	-0.00220496	1.37004638	59	59			;
0.01164071	-0.00214005	1.37554634	60	60			;
0.01131680	-0.00207691	1.38104641	61	61			;
0.01099255	-0.00201556	1.38654637	62	62			;
0.01066797	-0.00195600	1.39204645	63	63			;
0.01034307	-0.00189822	1.39754641	64	64			;
0.01001786	-0.00184223	1.40304637	65	65			;
0.00969234	-0.00178802	1.40854645	66	66			;
0.00936653	-0.00173561	1.41404641	67	67			;
0.00904044	-0.00168499	1.41954637	68	68			;
0.00871406	-0.00163616	1.42504644	69	69			;
0.00838744	-0.00158913	1.43054640	70	70			;
0.00806055	-0.00154390	1.43604636	71	71			;
0.00773342	-0.00150047	1.44154644	72	72			;
0.00740606	-0.00145883	1.44704640	73	73			;
0.00707847	-0.00141900	1.45254636	74	74			;
0.00675067	-0.00138097	1.45804644	75	75			;
0.00642267	-0.00134474	1.46354640	76	76			;
0.00609447	-0.00131033	1.46904635	77	77			;
0.00576608	-0.00127770	1.47454643	78	78			;
0.00543753	-0.00124690	1.48004639	79	79			;
0.00510881	-0.00121789	1.48554635	80	80			;
0.00477992	-0.00119070	1.49104643	81	81			;
0.00445090	-0.00116532	1.49654639	82	82			;
0.00412175	-0.00114174	1.50204635	83	83			;
0.00379246	-0.00111998	1.50754642	84	84			;
0.00346307	-0.00110002	1.51304638	85	85			;
0.00313357	-0.00108188	1.51854634	86	86			;
0.00280397	-0.00106556	1.52404642	87	87			;
0.00247429	-0.00105104	1.52954638	88	88			;
0.00214454	-0.00103834	1.53504646	89	89			;
0.00181472	-0.00102745	1.54054642	90	90			;
0.00148484	-0.00101838	1.54604650	91	91			;
0.00115493	-0.00101111	1.55154634	92	92			;
0.00082497	-0.00100567	1.55704641	93	93			;
0.00049498	-0.00100204	1.56254649	94	94			;
0.00016499	-0.00100023	1.56804645	95	95			;
-0.00016500	-0.00100022	1.57354641	96	96			;
-0.00049500	-0.00100204	1.57904649	97	97			;
-0.00082498	-0.00100567	1.58454645	98	98			;
-0.00115493	-0.00101112	1.59004641	99	99			;
-0.00148486	-0.00101837	1.59554648	100	100			;
-0.00181473	-0.00102745	1.60104644	101	101			;
-0.00214455	-0.00103834	1.60654640	102	102			;
-0.00247431	-0.00105103	1.61204648	103	103			;
-0.00280399	-0.00106555	1.61754644	104	104			;
-0.00313358	-0.00108188	1.62304640	105	105			;
-0.00346308	-0.00110002	1.62854648	106	106			;
-0.00379248	-0.00111998	1.63404644	107	107			;
-0.00412176	-0.00114174	1.63954639	108	108			;
-0.00445092	-0.00116532	1.64504647	109	109			;
-0.00477994	-0.00119070	1.65054643	110	110			;
-0.00510881	-0.00121790	1.65604639	111	111			;
-0.00543754	-0.00124690	1.66154647	112	112			;
-0.00576609	-0.00127770	1.66704643	113	113			;
-0.00609447	-0.00131032	1.67254639	114	114			;
-0.00642268	-0.00134474	1.67804646	115	115			;
-0.00675068	-0.00138097	1.68354642	116	116			;
-0.00707848	-0.00141900	1.68904638	117	117			;
-0.00740607	-0.00145883	1.69454646	118	118			;
-0.00773344	-0.00150047	1.70004654	119	119			;
-0.00806056	-0.00154391	1.70554638	120	120			;
-0.00838745	-0.00158913	1.71104646	121	121			;
-0.00871408	-0.00163617	1.71654654	122	122			;
-0.00904044	-0.00168499	1.72204638	123	123			;
-0.00936654	-0.00173561	1.72754645	124	124			;
-0.00969236	-0.00178802	1.73304653	125	125			;
-0.01001787	-0.00184223	1.73854649	126	126			;
-0.01034308	-0.00189822	1.74404645	127	127			;
-0.01066799	-0.00195600	1.74954653	128	128			;
-0.01099257	-0.00201556	1.75504649	129	129			;
-0.01131681	-0.00207692	1.76054645	130	130			;
-0.01164072	-0.00214005	1.76604652	131	131			;
-0.01196427	-0.00220497	1.77154648	132	132			;
-0.01228746	-0.00227166	1.77704644	133	133			;
-0.01261028	-0.00234012	1.78254652	134	134			;
-0.01293272	-0.00241037	1.78804648	135	135			;
-0.01325476	-0.00248239	1.79354644	136	136			;
-0.01357641	-0.00255617	1.79904652	137	137			;
-0.01389764	-0.00263172	1.80454648	138	138			;
-0.01421845	-0.00270904	1.81004643	139	139			;
-0.01453884	-0.00278812	1.81554651	140	140			;
-0.01485878	-0.00286897	1.82104647	141	141			;
-0.01517827	-0.00295157	1.82654643	142	142			;
-0.01549731	-0.00303593	1.83204651	143	143			;
-0.01581587	-0.00312204	1.83754647	144	144			;
-0.01613396	-0.00320990	1.84304643	145	145			;
-0.01645156	-0.00329952	1.84854650	146	146			;
-0.01676867	-0.00339087	1.85404658	147	147			;
-0.01708526	-0.00348397	1.85954642	148	148			;
-0.01740134	-0.00357881	1.86504650	149	149			;
-0.01771690	-0.00367538	1.87054658	150	150			;
-0.01803190	-0.00377369	1.87604642	151	151			;
-0.01834638	-0.00387373	1.88154650	152	152			;
-0.01866030	-0.00397551	1.88704658	153	153			;
-0.01897364	-0.00407899	1.89254642	154	154			;
-0.01928642	-0.00418421	1.89804649	155	155			;
-0.01959862	-0.00429115	1.90354657	156	156			;
-0.01991022	-0.00439980	1.90904653	157	157			;
-0.02022121	-0.00451015	1.91454649	158	158			;
-0.02053160	-0.00462222	1.92004657	159	159			;
-0.02084137	-0.00473600	1.92554653	160	160			;
-0.02115050	-0.00485148	1.93104649	161	161			;
-0.02145900	-0.00496866	1.93654656	162	162			;
-0.02176684	-0.00508753	1.94204652	163	163			;
-0.02207403	-0.00520809	1.94754648	164	164			;
-0.02238056	-0.00533034	1.95304656	165	165			;
-0.02268639	-0.00545428	1.95854652	166	166			;
-0.02299155	-0.00557989	1.96404648	167	167			;
-0.02329602	-0.00570718	1.96954656	168	168			;
-0.02359977	-0.00583614	1.97504652	169	169			;
-0.02390281	-0.00596678	1.98054647	170	170			;
-0.02420514	-0.00609908	1.98604655	171	171			;
-0.02450672	-0.00623303	1.99154651	172	172			;
-0.02480756	-0.00636864	1.99704647	173	173			;
-0.02510766	-0.00650591	2.00254655	174	174			;
-0.02540701	-0.00664483	2.00804663	175	175			;
-0.02570556	-0.00678539	2.01354647	176	176			;
-0.02600336	-0.00692759	2.01904655	177	177			;
-0.02630037	-0.00707143	2.02454662	178	178			;
-0.02659656	-0.00721689	2.03004646	179	179			;
-0.02689197	-0.00736399	2.03554654	180	180			;
-0.02718657	-0.00751271	2.04104662	181	181			;
-0.02748032	-0.00766303	2.04654646	182	182			;
-0.02777326	-0.00781498	2.05204654	183	183			;
-0.02806536	-0.00796854	2.05754662	184	184			;
-0.02835660	-0.00812370	2.06304646	185	185			;
-0.02864700	-0.00828046	2.06854653	186	186			;
-0.02893653	-0.00843882	2.07404661	187	187			;
-0.02922517	-0.00859876	2.07954645	188	188			;
-0.02951293	-0.00876030	2.08504653	189	189			;
-0.02979981	-0.00892340	2.09054661	190	190			;
-0.03008577	-0.00908809	2.09604645	191	191			;
