MidLevelMode =	0						;
WindowTissue.x_TisMin =	-0.01905405						;
WindowTissue.x_TisMax =	0.01905405						;
WindowTissue.y_TisMin =	0.00000000						;
WindowTissue.y_TisMax =	0.09000000						;
WindowPixel.XUL =	160						;
WindowPixel.YUL =	36						;
WindowPixel.XLR =	347						;
WindowPixel.YLR =	479						;
ViewPortPixel.XUL =	160						;
ViewPortPixel.YUL =	36						;
ViewPortPixel.XLR =	347						;
ViewPortPixel.YLR =	479						;
WindowTissueQ.x_TisMin =	-0.01905406						;
WindowTissueQ.x_TisMax =	0.01905406						;
WindowTissueQ.y_TisMin =	0.00000000						;
WindowTissueQ.y_TisMax =	0.09000000						;
WindowPixelQ.XUL =	160						;
WindowPixelQ.YUL =	36						;
WindowPixelQ.XLR =	347						;
WindowPixelQ.YLR =	479						;
ScanAreaDscr.StartLine =	0.01908750	-0.00000000	1.57079637				;
ScanAreaDscr.StopLine =	-0.01908750	-0.00000000	1.57079637				;
ScanAreaDscr.StartDepth =	-0.00001406						;
ScanAreaDscr.StopDepth =	0.09000694						;
StartLineNum =	0						;
StopLineNum =	0						;
StartLineNumQ =	1						;
StopLineNumQ =	510						;
StartDepth =	0.00000000						;
StopDepth =	0.09000000						;
StartDepthQ =	-0.00001406						;
StopDepthQ =	0.09000694						;
DistRF_Smp =	0.00001850						;
ResmpFctVP =	0.16666667						;
ResmpFctSC =	0.54760003						;
ResmpFctCFM =	0.00000000						;
LineLengthRF =	5014						;
LineLengthVP =	832						;
LineLengthSC =	811						;
LineOffset =	0.00040700						;
Depth =	0.09042800						;
SmpFreq =	40000000.00000000						;
TotalNumb_Scanlines =	512						;
ScanLinesIndex =	0						;
ElementsIndex =	0						;
SC_LineOffset =	0.00061050						;
BF_RecalcFlag =	0						;
Scan_Line_Table =							;
Number	X	Y	Angle	CenterElemIdx	Int AperNum	Ext AperNum	;
1	0.01908750	-0.00062000	1.57079637	-0.12500000	32	0	;
2	0.01901250	-0.00062000	1.57079637	0.12500000	33	0	;
3	0.01893750	-0.00062000	1.57079637	0.37500000	33	0	;
4	0.01886250	-0.00062000	1.57079637	0.62500000	33	0	;
5	0.01878750	-0.00062000	1.57079637	0.87500000	33	0	;
6	0.01871250	-0.00062000	1.57079637	1.12500000	34	0	;
7	0.01863750	-0.00062000	1.57079637	1.37500000	34	0	;
8	0.01856250	-0.00062000	1.57079637	1.62500000	34	0	;
9	0.01848750	-0.00062000	1.57079637	1.87500000	34	0	;
10	0.01841250	-0.00062000	1.57079637	2.12500000	35	0	;
11	0.01833750	-0.00062000	1.57079637	2.37500000	35	0	;
12	0.01826250	-0.00062000	1.57079637	2.62500000	35	0	;
13	0.01818750	-0.00062000	1.57079637	2.87500000	35	0	;
14	0.01811250	-0.00062000	1.57079637	3.12500000	36	0	;
15	0.01803750	-0.00062000	1.57079637	3.37500000	36	0	;
16	0.01796250	-0.00062000	1.57079637	3.62500000	36	0	;
17	0.01788750	-0.00062000	1.57079637	3.87500000	36	0	;
18	0.01781250	-0.00062000	1.57079637	4.12500000	37	0	;
19	0.01773750	-0.00062000	1.57079637	4.37500000	37	0	;
20	0.01766250	-0.00062000	1.57079637	4.62500000	37	0	;
21	0.01758750	-0.00062000	1.57079637	4.87500000	37	0	;
22	0.01751250	-0.00062000	1.57079637	5.12500000	38	0	;
23	0.01743750	-0.00062000	1.57079637	5.37500000	38	0	;
24	0.01736250	-0.00062000	1.57079637	5.62500000	38	0	;
25	0.01728750	-0.00062000	1.57079637	5.87500000	38	0	;
26	0.01721250	-0.00062000	1.57079637	6.12500000	39	0	;
27	0.01713750	-0.00062000	1.57079637	6.37500000	39	0	;
28	0.01706250	-0.00062000	1.57079637	6.62500000	39	0	;
29	0.01698750	-0.00062000	1.57079637	6.87500000	39	0	;
30	0.01691250	-0.00062000	1.57079637	7.12500000	40	0	;
31	0.01683750	-0.00062000	1.57079637	7.37500000	40	0	;
32	0.01676250	-0.00062000	1.57079637	7.62500000	40	0	;
33	0.01668750	-0.00062000	1.57079637	7.87500000	40	0	;
34	0.01661250	-0.00062000	1.57079637	8.12500000	41	0	;
35	0.01653750	-0.00062000	1.57079637	8.37500000	41	0	;
36	0.01646250	-0.00062000	1.57079637	8.62500000	41	0	;
37	0.01638750	-0.00062000	1.57079637	8.87500000	41	0	;
38	0.01631250	-0.00062000	1.57079637	9.12500000	42	0	;
39	0.01623750	-0.00062000	1.57079637	9.37500000	42	0	;
40	0.01616250	-0.00062000	1.57079637	9.62500000	42	0	;
41	0.01608750	-0.00062000	1.57079637	9.87500000	42	0	;
42	0.01601250	-0.00062000	1.57079637	10.12500000	43	0	;
43	0.01593750	-0.00062000	1.57079637	10.37500000	43	0	;
44	0.01586250	-0.00062000	1.57079637	10.62500000	43	0	;
45	0.01578750	-0.00062000	1.57079637	10.87500000	43	0	;
46	0.01571250	-0.00062000	1.57079637	11.12500000	44	0	;
47	0.01563750	-0.00062000	1.57079637	11.37500000	44	0	;
48	0.01556250	-0.00062000	1.57079637	11.62500000	44	0	;
49	0.01548750	-0.00062000	1.57079637	11.87500000	44	0	;
50	0.01541250	-0.00062000	1.57079637	12.12500000	45	0	;
51	0.01533750	-0.00062000	1.57079637	12.37500000	45	0	;
52	0.01526250	-0.00062000	1.57079637	12.62500000	45	0	;
53	0.01518750	-0.00062000	1.57079637	12.87500000	45	0	;
54	0.01511250	-0.00062000	1.57079637	13.12500000	46	0	;
55	0.01503750	-0.00062000	1.57079637	13.37500000	46	0	;
56	0.01496250	-0.00062000	1.57079637	13.62500000	46	0	;
57	0.01488750	-0.00062000	1.57079637	13.87500000	46	0	;
58	0.01481250	-0.00062000	1.57079637	14.12500000	47	0	;
59	0.01473750	-0.00062000	1.57079637	14.37500000	47	0	;
60	0.01466250	-0.00062000	1.57079637	14.62500000	47	0	;
61	0.01458750	-0.00062000	1.57079637	14.87500000	47	0	;
62	0.01451250	-0.00062000	1.57079637	15.12500000	48	0	;
63	0.01443750	-0.00062000	1.57079637	15.37500000	48	0	;
64	0.01436250	-0.00062000	1.57079637	15.62500000	48	0	;
65	0.01428750	-0.00062000	1.57079637	15.87500000	48	0	;
66	0.01421250	-0.00062000	1.57079637	16.12500000	49	0	;
67	0.01413750	-0.00062000	1.57079637	16.37500000	49	0	;
68	0.01406250	-0.00062000	1.57079637	16.62500000	49	0	;
69	0.01398750	-0.00062000	1.57079637	16.87500000	49	0	;
70	0.01391250	-0.00062000	1.57079637	17.12500000	50	0	;
71	0.01383750	-0.00062000	1.57079637	17.37500000	50	0	;
72	0.01376250	-0.00062000	1.57079637	17.62500000	50	0	;
73	0.01368750	-0.00062000	1.57079637	17.87500000	50	0	;
74	0.01361250	-0.00062000	1.57079637	18.12500000	51	0	;
75	0.01353750	-0.00062000	1.57079637	18.37500000	51	0	;
76	0.01346250	-0.00062000	1.57079637	18.62500000	51	0	;
77	0.01338750	-0.00062000	1.57079637	18.87500000	51	0	;
78	0.01331250	-0.00062000	1.57079637	19.12500000	52	0	;
79	0.01323750	-0.00062000	1.57079637	19.37500000	52	0	;
80	0.01316250	-0.00062000	1.57079637	19.62500000	52	0	;
81	0.01308750	-0.00062000	1.57079637	19.87500000	52	0	;
82	0.01301250	-0.00062000	1.57079637	20.12500000	53	0	;
83	0.01293750	-0.00062000	1.57079637	20.37500000	53	0	;
84	0.01286250	-0.00062000	1.57079637	20.62500000	53	0	;
85	0.01278750	-0.00062000	1.57079637	20.87500000	53	0	;
86	0.01271250	-0.00062000	1.57079637	21.12500000	54	0	;
87	0.01263750	-0.00062000	1.57079637	21.37500000	54	0	;
88	0.01256250	-0.00062000	1.57079637	21.62500000	54	0	;
89	0.01248750	-0.00062000	1.57079637	21.87500000	54	0	;
90	0.01241250	-0.00062000	1.57079637	22.12500000	55	0	;
91	0.01233750	-0.00062000	1.57079637	22.37500000	55	0	;
92	0.01226250	-0.00062000	1.57079637	22.62500000	55	0	;
93	0.01218750	-0.00062000	1.57079637	22.87500000	55	0	;
94	0.01211250	-0.00062000	1.57079637	23.12500000	56	0	;
95	0.01203750	-0.00062000	1.57079637	23.37500000	56	0	;
96	0.01196250	-0.00062000	1.57079637	23.62500000	56	0	;
97	0.01188750	-0.00062000	1.57079637	23.87500000	56	0	;
98	0.01181250	-0.00062000	1.57079637	24.12500000	57	0	;
99	0.01173750	-0.00062000	1.57079637	24.37500000	57	0	;
100	0.01166250	-0.00062000	1.57079637	24.62500000	57	0	;
101	0.01158750	-0.00062000	1.57079637	24.87500000	57	0	;
102	0.01151250	-0.00062000	1.57079637	25.12500000	58	0	;
103	0.01143750	-0.00062000	1.57079637	25.37500000	58	0	;
104	0.01136250	-0.00062000	1.57079637	25.62500000	58	0	;
105	0.01128750	-0.00062000	1.57079637	25.87500000	58	0	;
106	0.01121250	-0.00062000	1.57079637	26.12500000	59	0	;
107	0.01113750	-0.00062000	1.57079637	26.37500000	59	0	;
108	0.01106250	-0.00062000	1.57079637	26.62500000	59	0	;
109	0.01098750	-0.00062000	1.57079637	26.87500000	59	0	;
110	0.01091250	-0.00062000	1.57079637	27.12500000	60	0	;
111	0.01083750	-0.00062000	1.57079637	27.37500000	60	0	;
112	0.01076250	-0.00062000	1.57079637	27.62500000	60	0	;
113	0.01068750	-0.00062000	1.57079637	27.87500000	60	0	;
114	0.01061250	-0.00062000	1.57079637	28.12500000	61	0	;
115	0.01053750	-0.00062000	1.57079637	28.37500000	61	0	;
116	0.01046250	-0.00062000	1.57079637	28.62500000	61	0	;
117	0.01038750	-0.00062000	1.57079637	28.87500000	61	0	;
118	0.01031250	-0.00062000	1.57079637	29.12500000	62	0	;
119	0.01023750	-0.00062000	1.57079637	29.37500000	62	0	;
120	0.01016250	-0.00062000	1.57079637	29.62500000	62	0	;
121	0.01008750	-0.00062000	1.57079637	29.87500000	62	0	;
122	0.01001250	-0.00062000	1.57079637	30.12500000	63	0	;
123	0.00993750	-0.00062000	1.57079637	30.37500000	63	0	;
124	0.00986250	-0.00062000	1.57079637	30.62500000	63	0	;
125	0.00978750	-0.00062000	1.57079637	30.87500000	63	0	;
126	0.00971250	-0.00062000	1.57079637	31.12500000	64	0	;
127	0.00963750	-0.00062000	1.57079637	31.37500000	64	0	;
128	0.00956250	-0.00062000	1.57079637	31.62500000	64	0	;
129	0.00948750	-0.00062000	1.57079637	31.87500000	64	0	;
130	0.00941250	-0.00062000	1.57079637	32.12500000	65	0	;
131	0.00933750	-0.00062000	1.57079637	32.37500000	65	0	;
132	0.00926250	-0.00062000	1.57079637	32.62500000	65	0	;
133	0.00918750	-0.00062000	1.57079637	32.87500000	65	0	;
134	0.00911250	-0.00062000	1.57079637	33.12500000	66	0	;
135	0.00903750	-0.00062000	1.57079637	33.37500000	66	0	;
136	0.00896250	-0.00062000	1.57079637	33.62500000	66	0	;
137	0.00888750	-0.00062000	1.57079637	33.87500000	66	0	;
138	0.00881250	-0.00062000	1.57079637	34.12500000	67	0	;
139	0.00873750	-0.00062000	1.57079637	34.37500000	67	0	;
140	0.00866250	-0.00062000	1.57079637	34.62500000	67	0	;
141	0.00858750	-0.00062000	1.57079637	34.87500000	67	0	;
142	0.00851250	-0.00062000	1.57079637	35.12500000	68	0	;
143	0.00843750	-0.00062000	1.57079637	35.37500000	68	0	;
144	0.00836250	-0.00062000	1.57079637	35.62500000	68	0	;
145	0.00828750	-0.00062000	1.57079637	35.87500000	68	0	;
146	0.00821250	-0.00062000	1.57079637	36.12500000	69	0	;
147	0.00813750	-0.00062000	1.57079637	36.37500000	69	0	;
148	0.00806250	-0.00062000	1.57079637	36.62500000	69	0	;
149	0.00798750	-0.00062000	1.57079637	36.87500000	69	0	;
150	0.00791250	-0.00062000	1.57079637	37.12500000	70	0	;
151	0.00783750	-0.00062000	1.57079637	37.37500000	70	0	;
152	0.00776250	-0.00062000	1.57079637	37.62500000	70	0	;
153	0.00768750	-0.00062000	1.57079637	37.87500000	70	0	;
154	0.00761250	-0.00062000	1.57079637	38.12500000	71	0	;
155	0.00753750	-0.00062000	1.57079637	38.37500000	71	0	;
156	0.00746250	-0.00062000	1.57079637	38.62500000	71	0	;
157	0.00738750	-0.00062000	1.57079637	38.87500000	71	0	;
158	0.00731250	-0.00062000	1.57079637	39.12500000	72	0	;
159	0.00723750	-0.00062000	1.57079637	39.37500000	72	0	;
160	0.00716250	-0.00062000	1.57079637	39.62500000	72	0	;
161	0.00708750	-0.00062000	1.57079637	39.87500000	72	0	;
162	0.00701250	-0.00062000	1.57079637	40.12500000	73	0	;
163	0.00693750	-0.00062000	1.57079637	40.37500000	73	0	;
164	0.00686250	-0.00062000	1.57079637	40.62500000	73	0	;
165	0.00678750	-0.00062000	1.57079637	40.87500000	73	0	;
166	0.00671250	-0.00062000	1.57079637	41.12500000	74	0	;
167	0.00663750	-0.00062000	1.57079637	41.37500000	74	0	;
168	0.00656250	-0.00062000	1.57079637	41.62500000	74	0	;
169	0.00648750	-0.00062000	1.57079637	41.87500000	74	0	;
170	0.00641250	-0.00062000	1.57079637	42.12500000	75	0	;
171	0.00633750	-0.00062000	1.57079637	42.37500000	75	0	;
172	0.00626250	-0.00062000	1.57079637	42.62500000	75	0	;
173	0.00618750	-0.00062000	1.57079637	42.87500000	75	0	;
174	0.00611250	-0.00062000	1.57079637	43.12500000	76	0	;
175	0.00603750	-0.00062000	1.57079637	43.37500000	76	0	;
176	0.00596250	-0.00062000	1.57079637	43.62500000	76	0	;
177	0.00588750	-0.00062000	1.57079637	43.87500000	76	0	;
178	0.00581250	-0.00062000	1.57079637	44.12500000	77	0	;
179	0.00573750	-0.00062000	1.57079637	44.37500000	77	0	;
180	0.00566250	-0.00062000	1.57079637	44.62500000	77	0	;
181	0.00558750	-0.00062000	1.57079637	44.87500000	77	0	;
182	0.00551250	-0.00062000	1.57079637	45.12500000	78	0	;
183	0.00543750	-0.00062000	1.57079637	45.37500000	78	0	;
184	0.00536250	-0.00062000	1.57079637	45.62500000	78	0	;
185	0.00528750	-0.00062000	1.57079637	45.87500000	78	0	;
186	0.00521250	-0.00062000	1.57079637	46.12500000	79	0	;
187	0.00513750	-0.00062000	1.57079637	46.37500000	79	0	;
188	0.00506250	-0.00062000	1.57079637	46.62500000	79	0	;
189	0.00498750	-0.00062000	1.57079637	46.87500000	79	0	;
190	0.00491250	-0.00062000	1.57079637	47.12500000	80	0	;
191	0.00483750	-0.00062000	1.57079637	47.37500000	80	0	;
192	0.00476250	-0.00062000	1.57079637	47.62500000	80	0	;
193	0.00468750	-0.00062000	1.57079637	47.87500000	80	0	;
194	0.00461250	-0.00062000	1.57079637	48.12500000	81	0	;
195	0.00453750	-0.00062000	1.57079637	48.37500000	81	0	;
196	0.00446250	-0.00062000	1.57079637	48.62500000	81	0	;
197	0.00438750	-0.00062000	1.57079637	48.87500000	81	0	;
198	0.00431250	-0.00062000	1.57079637	49.12500000	82	0	;
199	0.00423750	-0.00062000	1.57079637	49.37500000	82	0	;
200	0.00416250	-0.00062000	1.57079637	49.62500000	82	0	;
201	0.00408750	-0.00062000	1.57079637	49.87500000	82	0	;
202	0.00401250	-0.00062000	1.57079637	50.12500000	83	0	;
203	0.00393750	-0.00062000	1.57079637	50.37500000	83	0	;
204	0.00386250	-0.00062000	1.57079637	50.62500000	83	0	;
205	0.00378750	-0.00062000	1.57079637	50.87500000	83	0	;
206	0.00371250	-0.00062000	1.57079637	51.12500000	84	0	;
207	0.00363750	-0.00062000	1.57079637	51.37500000	84	0	;
208	0.00356250	-0.00062000	1.57079637	51.62500000	84	0	;
209	0.00348750	-0.00062000	1.57079637	51.87500000	84	0	;
210	0.00341250	-0.00062000	1.57079637	52.12500000	85	0	;
211	0.00333750	-0.00062000	1.57079637	52.37500000	85	0	;
212	0.00326250	-0.00062000	1.57079637	52.62500000	85	0	;
213	0.00318750	-0.00062000	1.57079637	52.87500000	85	0	;
214	0.00311250	-0.00062000	1.57079637	53.12500000	86	0	;
215	0.00303750	-0.00062000	1.57079637	53.37500000	86	0	;
216	0.00296250	-0.00062000	1.57079637	53.62500000	86	0	;
217	0.00288750	-0.00062000	1.57079637	53.87500000	86	0	;
218	0.00281250	-0.00062000	1.57079637	54.12500000	87	0	;
219	0.00273750	-0.00062000	1.57079637	54.37500000	87	0	;
220	0.00266250	-0.00062000	1.57079637	54.62500000	87	0	;
221	0.00258750	-0.00062000	1.57079637	54.87500000	87	0	;
222	0.00251250	-0.00062000	1.57079637	55.12500000	88	0	;
223	0.00243750	-0.00062000	1.57079637	55.37500000	88	0	;
224	0.00236250	-0.00062000	1.57079637	55.62500000	88	0	;
225	0.00228750	-0.00062000	1.57079637	55.87500000	88	0	;
226	0.00221250	-0.00062000	1.57079637	56.12500000	89	0	;
227	0.00213750	-0.00062000	1.57079637	56.37500000	89	0	;
228	0.00206250	-0.00062000	1.57079637	56.62500000	89	0	;
229	0.00198750	-0.00062000	1.57079637	56.87500000	89	0	;
230	0.00191250	-0.00062000	1.57079637	57.12500000	90	0	;
231	0.00183750	-0.00062000	1.57079637	57.37500000	90	0	;
232	0.00176250	-0.00062000	1.57079637	57.62500000	90	0	;
233	0.00168750	-0.00062000	1.57079637	57.87500000	90	0	;
234	0.00161250	-0.00062000	1.57079637	58.12500000	91	0	;
235	0.00153750	-0.00062000	1.57079637	58.37500000	91	0	;
236	0.00146250	-0.00062000	1.57079637	58.62500000	91	0	;
237	0.00138750	-0.00062000	1.57079637	58.87500000	91	0	;
238	0.00131250	-0.00062000	1.57079637	59.12500000	92	0	;
239	0.00123750	-0.00062000	1.57079637	59.37500000	92	0	;
240	0.00116250	-0.00062000	1.57079637	59.62500000	92	0	;
241	0.00108750	-0.00062000	1.57079637	59.87500000	92	0	;
242	0.00101250	-0.00062000	1.57079637	60.12500000	93	0	;
243	0.00093750	-0.00062000	1.57079637	60.37500000	93	0	;
244	0.00086250	-0.00062000	1.57079637	60.62500000	93	0	;
245	0.00078750	-0.00062000	1.57079637	60.87500000	93	0	;
246	0.00071250	-0.00062000	1.57079637	61.12500000	94	0	;
247	0.00063750	-0.00062000	1.57079637	61.37500000	94	0	;
248	0.00056250	-0.00062000	1.57079637	61.62500000	94	0	;
249	0.00048750	-0.00062000	1.57079637	61.87500000	94	0	;
250	0.00041250	-0.00062000	1.57079637	62.12500000	95	0	;
251	0.00033750	-0.00062000	1.57079637	62.37500000	95	0	;
252	0.00026250	-0.00062000	1.57079637	62.62500000	95	0	;
253	0.00018750	-0.00062000	1.57079637	62.87500000	95	0	;
254	0.00011250	-0.00062000	1.57079637	63.12500000	96	0	;
255	0.00003750	-0.00062000	1.57079637	63.37500000	96	0	;
256	-0.00003750	-0.00062000	1.57079637	63.62500000	96	0	;
257	-0.00011250	-0.00062000	1.57079637	63.87500000	96	0	;
258	-0.00018750	-0.00062000	1.57079637	64.12500000	97	0	;
259	-0.00026250	-0.00062000	1.57079637	64.37500000	97	0	;
260	-0.00033750	-0.00062000	1.57079637	64.62500000	97	0	;
261	-0.00041250	-0.00062000	1.57079637	64.87500000	97	0	;
262	-0.00048750	-0.00062000	1.57079637	65.12500000	98	0	;
263	-0.00056250	-0.00062000	1.57079637	65.37500000	98	0	;
264	-0.00063750	-0.00062000	1.57079637	65.62500000	98	0	;
265	-0.00071250	-0.00062000	1.57079637	65.87500000	98	0	;
266	-0.00078750	-0.00062000	1.57079637	66.12500000	99	0	;
267	-0.00086250	-0.00062000	1.57079637	66.37500000	99	0	;
268	-0.00093750	-0.00062000	1.57079637	66.62500000	99	0	;
269	-0.00101250	-0.00062000	1.57079637	66.87500000	99	0	;
270	-0.00108750	-0.00062000	1.57079637	67.12500000	100	0	;
271	-0.00116250	-0.00062000	1.57079637	67.37500000	100	0	;
272	-0.00123750	-0.00062000	1.57079637	67.62500000	100	0	;
273	-0.00131250	-0.00062000	1.57079637	67.87500000	100	0	;
274	-0.00138750	-0.00062000	1.57079637	68.12500000	101	0	;
275	-0.00146250	-0.00062000	1.57079637	68.37500000	101	0	;
276	-0.00153750	-0.00062000	1.57079637	68.62500000	101	0	;
277	-0.00161250	-0.00062000	1.57079637	68.87500000	101	0	;
278	-0.00168750	-0.00062000	1.57079637	69.12500000	102	0	;
279	-0.00176250	-0.00062000	1.57079637	69.37500000	102	0	;
280	-0.00183750	-0.00062000	1.57079637	69.62500000	102	0	;
281	-0.00191250	-0.00062000	1.57079637	69.87500000	102	0	;
282	-0.00198750	-0.00062000	1.57079637	70.12500000	103	0	;
283	-0.00206250	-0.00062000	1.57079637	70.37500000	103	0	;
284	-0.00213750	-0.00062000	1.57079637	70.62500000	103	0	;
285	-0.00221250	-0.00062000	1.57079637	70.87500000	103	0	;
286	-0.00228750	-0.00062000	1.57079637	71.12500000	104	0	;
287	-0.00236250	-0.00062000	1.57079637	71.37500000	104	0	;
288	-0.00243750	-0.00062000	1.57079637	71.62500000	104	0	;
289	-0.00251250	-0.00062000	1.57079637	71.87500000	104	0	;
290	-0.00258750	-0.00062000	1.57079637	72.12500000	105	0	;
291	-0.00266250	-0.00062000	1.57079637	72.37500000	105	0	;
292	-0.00273750	-0.00062000	1.57079637	72.62500000	105	0	;
293	-0.00281250	-0.00062000	1.57079637	72.87500000	105	0	;
294	-0.00288750	-0.00062000	1.57079637	73.12500000	106	0	;
295	-0.00296250	-0.00062000	1.57079637	73.37500000	106	0	;
296	-0.00303750	-0.00062000	1.57079637	73.62500000	106	0	;
297	-0.00311250	-0.00062000	1.57079637	73.87500000	106	0	;
298	-0.00318750	-0.00062000	1.57079637	74.12500000	107	0	;
299	-0.00326250	-0.00062000	1.57079637	74.37500000	107	0	;
300	-0.00333750	-0.00062000	1.57079637	74.62500000	107	0	;
301	-0.00341250	-0.00062000	1.57079637	74.87500000	107	0	;
302	-0.00348750	-0.00062000	1.57079637	75.12500000	108	0	;
303	-0.00356250	-0.00062000	1.57079637	75.37500000	108	0	;
304	-0.00363750	-0.00062000	1.57079637	75.62500000	108	0	;
305	-0.00371250	-0.00062000	1.57079637	75.87500000	108	0	;
306	-0.00378750	-0.00062000	1.57079637	76.12500000	109	0	;
307	-0.00386250	-0.00062000	1.57079637	76.37500000	109	0	;
308	-0.00393750	-0.00062000	1.57079637	76.62500000	109	0	;
309	-0.00401250	-0.00062000	1.57079637	76.87500000	109	0	;
310	-0.00408750	-0.00062000	1.57079637	77.12500000	110	0	;
311	-0.00416250	-0.00062000	1.57079637	77.37500000	110	0	;
312	-0.00423750	-0.00062000	1.57079637	77.62500000	110	0	;
313	-0.00431250	-0.00062000	1.57079637	77.87500000	110	0	;
314	-0.00438750	-0.00062000	1.57079637	78.12500000	111	0	;
315	-0.00446250	-0.00062000	1.57079637	78.37500000	111	0	;
316	-0.00453750	-0.00062000	1.57079637	78.62500000	111	0	;
317	-0.00461250	-0.00062000	1.57079637	78.87500000	111	0	;
318	-0.00468750	-0.00062000	1.57079637	79.12500000	112	0	;
319	-0.00476250	-0.00062000	1.57079637	79.37500000	112	0	;
320	-0.00483750	-0.00062000	1.57079637	79.62500000	112	0	;
321	-0.00491250	-0.00062000	1.57079637	79.87500000	112	0	;
322	-0.00498750	-0.00062000	1.57079637	80.12500000	113	0	;
323	-0.00506250	-0.00062000	1.57079637	80.37500000	113	0	;
324	-0.00513750	-0.00062000	1.57079637	80.62500000	113	0	;
325	-0.00521250	-0.00062000	1.57079637	80.87500000	113	0	;
326	-0.00528750	-0.00062000	1.57079637	81.12500000	114	0	;
327	-0.00536250	-0.00062000	1.57079637	81.37500000	114	0	;
328	-0.00543750	-0.00062000	1.57079637	81.62500000	114	0	;
329	-0.00551250	-0.00062000	1.57079637	81.87500000	114	0	;
330	-0.00558750	-0.00062000	1.57079637	82.12500000	115	0	;
331	-0.00566250	-0.00062000	1.57079637	82.37500000	115	0	;
332	-0.00573750	-0.00062000	1.57079637	82.62500000	115	0	;
333	-0.00581250	-0.00062000	1.57079637	82.87500000	115	0	;
334	-0.00588750	-0.00062000	1.57079637	83.12500000	116	0	;
335	-0.00596250	-0.00062000	1.57079637	83.37500000	116	0	;
336	-0.00603750	-0.00062000	1.57079637	83.62500000	116	0	;
337	-0.00611250	-0.00062000	1.57079637	83.87500000	116	0	;
338	-0.00618750	-0.00062000	1.57079637	84.12500000	117	0	;
339	-0.00626250	-0.00062000	1.57079637	84.37500000	117	0	;
340	-0.00633750	-0.00062000	1.57079637	84.62500000	117	0	;
341	-0.00641250	-0.00062000	1.57079637	84.87500000	117	0	;
342	-0.00648750	-0.00062000	1.57079637	85.12500000	118	0	;
343	-0.00656250	-0.00062000	1.57079637	85.37500000	118	0	;
344	-0.00663750	-0.00062000	1.57079637	85.62500000	118	0	;
345	-0.00671250	-0.00062000	1.57079637	85.87500000	118	0	;
346	-0.00678750	-0.00062000	1.57079637	86.12500000	119	0	;
347	-0.00686250	-0.00062000	1.57079637	86.37500000	119	0	;
348	-0.00693750	-0.00062000	1.57079637	86.62500000	119	0	;
349	-0.00701250	-0.00062000	1.57079637	86.87500000	119	0	;
350	-0.00708750	-0.00062000	1.57079637	87.12500000	120	0	;
351	-0.00716250	-0.00062000	1.57079637	87.37500000	120	0	;
352	-0.00723750	-0.00062000	1.57079637	87.62500000	120	0	;
353	-0.00731250	-0.00062000	1.57079637	87.87500000	120	0	;
354	-0.00738750	-0.00062000	1.57079637	88.12500000	121	0	;
355	-0.00746250	-0.00062000	1.57079637	88.37500000	121	0	;
356	-0.00753750	-0.00062000	1.57079637	88.62500000	121	0	;
357	-0.00761250	-0.00062000	1.57079637	88.87500000	121	0	;
358	-0.00768750	-0.00062000	1.57079637	89.12500000	122	0	;
359	-0.00776250	-0.00062000	1.57079637	89.37500000	122	0	;
360	-0.00783750	-0.00062000	1.57079637	89.62500000	122	0	;
361	-0.00791250	-0.00062000	1.57079637	89.87500000	122	0	;
362	-0.00798750	-0.00062000	1.57079637	90.12500000	123	0	;
363	-0.00806250	-0.00062000	1.57079637	90.37500000	123	0	;
364	-0.00813750	-0.00062000	1.57079637	90.62500000	123	0	;
365	-0.00821250	-0.00062000	1.57079637	90.87500000	123	0	;
366	-0.00828750	-0.00062000	1.57079637	91.12500000	124	0	;
367	-0.00836250	-0.00062000	1.57079637	91.37500000	124	0	;
368	-0.00843750	-0.00062000	1.57079637	91.62500000	124	0	;
369	-0.00851250	-0.00062000	1.57079637	91.87500000	124	0	;
370	-0.00858750	-0.00062000	1.57079637	92.12500000	125	0	;
371	-0.00866250	-0.00062000	1.57079637	92.37500000	125	0	;
372	-0.00873750	-0.00062000	1.57079637	92.62500000	125	0	;
373	-0.00881250	-0.00062000	1.57079637	92.87500000	125	0	;
374	-0.00888750	-0.00062000	1.57079637	93.12500000	126	0	;
375	-0.00896250	-0.00062000	1.57079637	93.37500000	126	0	;
376	-0.00903750	-0.00062000	1.57079637	93.62500000	126	0	;
377	-0.00911250	-0.00062000	1.57079637	93.87500000	126	0	;
378	-0.00918750	-0.00062000	1.57079637	94.12500000	127	0	;
379	-0.00926250	-0.00062000	1.57079637	94.37500000	127	0	;
380	-0.00933750	-0.00062000	1.57079637	94.62500000	127	0	;
381	-0.00941250	-0.00062000	1.57079637	94.87500000	127	0	;
382	-0.00948750	-0.00062000	1.57079637	95.12500000	128	0	;
383	-0.00956250	-0.00062000	1.57079637	95.37500000	128	0	;
384	-0.00963750	-0.00062000	1.57079637	95.62500000	128	0	;
385	-0.00971250	-0.00062000	1.57079637	95.87500000	128	0	;
386	-0.00978750	-0.00062000	1.57079637	96.12500000	129	0	;
387	-0.00986250	-0.00062000	1.57079637	96.37500000	129	0	;
388	-0.00993750	-0.00062000	1.57079637	96.62500000	129	0	;
389	-0.01001250	-0.00062000	1.57079637	96.87500000	129	0	;
390	-0.01008750	-0.00062000	1.57079637	97.12500000	130	0	;
391	-0.01016250	-0.00062000	1.57079637	97.37500000	130	0	;
392	-0.01023750	-0.00062000	1.57079637	97.62500000	130	0	;
393	-0.01031250	-0.00062000	1.57079637	97.87500000	130	0	;
394	-0.01038750	-0.00062000	1.57079637	98.12500000	131	0	;
395	-0.01046250	-0.00062000	1.57079637	98.37500000	131	0	;
396	-0.01053750	-0.00062000	1.57079637	98.62500000	131	0	;
397	-0.01061250	-0.00062000	1.57079637	98.87500000	131	0	;
398	-0.01068750	-0.00062000	1.57079637	99.12500000	132	0	;
399	-0.01076250	-0.00062000	1.57079637	99.37500000	132	0	;
400	-0.01083750	-0.00062000	1.57079637	99.62500000	132	0	;
401	-0.01091250	-0.00062000	1.57079637	99.87500000	132	0	;
402	-0.01098750	-0.00062000	1.57079637	100.12500000	133	0	;
403	-0.01106250	-0.00062000	1.57079637	100.37500000	133	0	;
404	-0.01113750	-0.00062000	1.57079637	100.62500000	133	0	;
405	-0.01121250	-0.00062000	1.57079637	100.87500000	133	0	;
406	-0.01128750	-0.00062000	1.57079637	101.12500000	134	0	;
407	-0.01136250	-0.00062000	1.57079637	101.37500000	134	0	;
408	-0.01143750	-0.00062000	1.57079637	101.62500000	134	0	;
409	-0.01151250	-0.00062000	1.57079637	101.87500000	134	0	;
410	-0.01158750	-0.00062000	1.57079637	102.12500000	135	0	;
411	-0.01166250	-0.00062000	1.57079637	102.37500000	135	0	;
412	-0.01173750	-0.00062000	1.57079637	102.62500000	135	0	;
413	-0.01181250	-0.00062000	1.57079637	102.87500000	135	0	;
414	-0.01188750	-0.00062000	1.57079637	103.12500000	136	0	;
415	-0.01196250	-0.00062000	1.57079637	103.37500000	136	0	;
416	-0.01203750	-0.00062000	1.57079637	103.62500000	136	0	;
417	-0.01211250	-0.00062000	1.57079637	103.87500000	136	0	;
418	-0.01218750	-0.00062000	1.57079637	104.12500000	137	0	;
419	-0.01226250	-0.00062000	1.57079637	104.37500000	137	0	;
420	-0.01233750	-0.00062000	1.57079637	104.62500000	137	0	;
421	-0.01241250	-0.00062000	1.57079637	104.87500000	137	0	;
422	-0.01248750	-0.00062000	1.57079637	105.12500000	138	0	;
423	-0.01256250	-0.00062000	1.57079637	105.37500000	138	0	;
424	-0.01263750	-0.00062000	1.57079637	105.62500000	138	0	;
425	-0.01271250	-0.00062000	1.57079637	105.87500000	138	0	;
426	-0.01278750	-0.00062000	1.57079637	106.12500000	139	0	;
427	-0.01286250	-0.00062000	1.57079637	106.37500000	139	0	;
428	-0.01293750	-0.00062000	1.57079637	106.62500000	139	0	;
429	-0.01301250	-0.00062000	1.57079637	106.87500000	139	0	;
430	-0.01308750	-0.00062000	1.57079637	107.12500000	140	0	;
431	-0.01316250	-0.00062000	1.57079637	107.37500000	140	0	;
432	-0.01323750	-0.00062000	1.57079637	107.62500000	140	0	;
433	-0.01331250	-0.00062000	1.57079637	107.87500000	140	0	;
434	-0.01338750	-0.00062000	1.57079637	108.12500000	141	0	;
435	-0.01346250	-0.00062000	1.57079637	108.37500000	141	0	;
436	-0.01353750	-0.00062000	1.57079637	108.62500000	141	0	;
437	-0.01361250	-0.00062000	1.57079637	108.87500000	141	0	;
438	-0.01368750	-0.00062000	1.57079637	109.12500000	142	0	;
439	-0.01376250	-0.00062000	1.57079637	109.37500000	142	0	;
440	-0.01383750	-0.00062000	1.57079637	109.62500000	142	0	;
441	-0.01391250	-0.00062000	1.57079637	109.87500000	142	0	;
442	-0.01398750	-0.00062000	1.57079637	110.12500000	143	0	;
443	-0.01406250	-0.00062000	1.57079637	110.37500000	143	0	;
444	-0.01413750	-0.00062000	1.57079637	110.62500000	143	0	;
445	-0.01421250	-0.00062000	1.57079637	110.87500000	143	0	;
446	-0.01428750	-0.00062000	1.57079637	111.12500000	144	0	;
447	-0.01436250	-0.00062000	1.57079637	111.37500000	144	0	;
448	-0.01443750	-0.00062000	1.57079637	111.62500000	144	0	;
449	-0.01451250	-0.00062000	1.57079637	111.87500000	144	0	;
450	-0.01458750	-0.00062000	1.57079637	112.12500000	145	0	;
451	-0.01466250	-0.00062000	1.57079637	112.37500000	145	0	;
452	-0.01473750	-0.00062000	1.57079637	112.62500000	145	0	;
453	-0.01481250	-0.00062000	1.57079637	112.87500000	145	0	;
454	-0.01488750	-0.00062000	1.57079637	113.12500000	146	0	;
455	-0.01496250	-0.00062000	1.57079637	113.37500000	146	0	;
456	-0.01503750	-0.00062000	1.57079637	113.62500000	146	0	;
457	-0.01511250	-0.00062000	1.57079637	113.87500000	146	0	;
458	-0.01518750	-0.00062000	1.57079637	114.12500000	147	0	;
459	-0.01526250	-0.00062000	1.57079637	114.37500000	147	0	;
460	-0.01533750	-0.00062000	1.57079637	114.62500000	147	0	;
461	-0.01541250	-0.00062000	1.57079637	114.87500000	147	0	;
462	-0.01548750	-0.00062000	1.57079637	115.12500000	148	0	;
463	-0.01556250	-0.00062000	1.57079637	115.37500000	148	0	;
464	-0.01563750	-0.00062000	1.57079637	115.62500000	148	0	;
465	-0.01571250	-0.00062000	1.57079637	115.87500000	148	0	;
466	-0.01578750	-0.00062000	1.57079637	116.12500000	149	0	;
467	-0.01586250	-0.00062000	1.57079637	116.37500000	149	0	;
468	-0.01593750	-0.00062000	1.57079637	116.62500000	149	0	;
469	-0.01601250	-0.00062000	1.57079637	116.87500000	149	0	;
470	-0.01608750	-0.00062000	1.57079637	117.12500000	150	0	;
471	-0.01616250	-0.00062000	1.57079637	117.37500000	150	0	;
472	-0.01623750	-0.00062000	1.57079637	117.62500000	150	0	;
473	-0.01631250	-0.00062000	1.57079637	117.87500000	150	0	;
474	-0.01638750	-0.00062000	1.57079637	118.12500000	151	0	;
475	-0.01646250	-0.00062000	1.57079637	118.37500000	151	0	;
476	-0.01653750	-0.00062000	1.57079637	118.62500000	151	0	;
477	-0.01661250	-0.00062000	1.57079637	118.87500000	151	0	;
478	-0.01668750	-0.00062000	1.57079637	119.12500000	152	0	;
479	-0.01676250	-0.00062000	1.57079637	119.37500000	152	0	;
480	-0.01683750	-0.00062000	1.57079637	119.62500000	152	0	;
481	-0.01691250	-0.00062000	1.57079637	119.87500000	152	0	;
482	-0.01698750	-0.00062000	1.57079637	120.12500000	153	0	;
483	-0.01706250	-0.00062000	1.57079637	120.37500000	153	0	;
484	-0.01713750	-0.00062000	1.57079637	120.62500000	153	0	;
485	-0.01721250	-0.00062000	1.57079637	120.87500000	153	0	;
486	-0.01728750	-0.00062000	1.57079637	121.12500000	154	0	;
487	-0.01736250	-0.00062000	1.57079637	121.37500000	154	0	;
488	-0.01743750	-0.00062000	1.57079637	121.62500000	154	0	;
489	-0.01751250	-0.00062000	1.57079637	121.87500000	154	0	;
490	-0.01758750	-0.00062000	1.57079637	122.12500000	155	0	;
491	-0.01766250	-0.00062000	1.57079637	122.37500000	155	0	;
492	-0.01773750	-0.00062000	1.57079637	122.62500000	155	0	;
493	-0.01781250	-0.00062000	1.57079637	122.87500000	155	0	;
494	-0.01788750	-0.00062000	1.57079637	123.12500000	156	0	;
495	-0.01796250	-0.00062000	1.57079637	123.37500000	156	0	;
496	-0.01803750	-0.00062000	1.57079637	123.62500000	156	0	;
497	-0.01811250	-0.00062000	1.57079637	123.87500000	156	0	;
498	-0.01818750	-0.00062000	1.57079637	124.12500000	157	0	;
499	-0.01826250	-0.00062000	1.57079637	124.37500000	157	0	;
500	-0.01833750	-0.00062000	1.57079637	124.62500000	157	0	;
501	-0.01841250	-0.00062000	1.57079637	124.87500000	157	0	;
502	-0.01848750	-0.00062000	1.57079637	125.12500000	158	0	;
503	-0.01856250	-0.00062000	1.57079637	125.37500000	158	0	;
504	-0.01863750	-0.00062000	1.57079637	125.62500000	158	0	;
505	-0.01871250	-0.00062000	1.57079637	125.87500000	158	0	;
506	-0.01878750	-0.00062000	1.57079637	126.12500000	159	0	;
507	-0.01886250	-0.00062000	1.57079637	126.37500000	159	0	;
508	-0.01893750	-0.00062000	1.57079637	126.62500000	159	0	;
509	-0.01901250	-0.00062000	1.57079637	126.87500000	159	0	;
510	-0.01908750	-0.00062000	1.57079637	127.12500000	160	0	;
Element_Position_Table =							;
X	Y	Angle	BusLine	Number			;
0.01905000	-0.00062000	1.57079637	32	0			;
0.01875000	-0.00062000	1.57079637	33	1			;
0.01845000	-0.00062000	1.57079637	34	2			;
0.01815000	-0.00062000	1.57079637	35	3			;
0.01785000	-0.00062000	1.57079637	36	4			;
0.01755000	-0.00062000	1.57079637	37	5			;
0.01725000	-0.00062000	1.57079637	38	6			;
0.01695000	-0.00062000	1.57079637	39	7			;
0.01665000	-0.00062000	1.57079637	40	8			;
0.01635000	-0.00062000	1.57079637	41	9			;
0.01605000	-0.00062000	1.57079637	42	10			;
0.01575000	-0.00062000	1.57079637	43	11			;
0.01545000	-0.00062000	1.57079637	44	12			;
0.01515000	-0.00062000	1.57079637	45	13			;
0.01485000	-0.00062000	1.57079637	46	14			;
0.01455000	-0.00062000	1.57079637	47	15			;
0.01425000	-0.00062000	1.57079637	48	16			;
0.01395000	-0.00062000	1.57079637	49	17			;
0.01365000	-0.00062000	1.57079637	50	18			;
0.01335000	-0.00062000	1.57079637	51	19			;
0.01305000	-0.00062000	1.57079637	52	20			;
0.01275000	-0.00062000	1.57079637	53	21			;
0.01245000	-0.00062000	1.57079637	54	22			;
0.01215000	-0.00062000	1.57079637	55	23			;
0.01185000	-0.00062000	1.57079637	56	24			;
0.01155000	-0.00062000	1.57079637	57	25			;
0.01125000	-0.00062000	1.57079637	58	26			;
0.01095000	-0.00062000	1.57079637	59	27			;
0.01065000	-0.00062000	1.57079637	60	28			;
0.01035000	-0.00062000	1.57079637	61	29			;
0.01005000	-0.00062000	1.57079637	62	30			;
0.00975000	-0.00062000	1.57079637	63	31			;
0.00945000	-0.00062000	1.57079637	64	32			;
0.00915000	-0.00062000	1.57079637	65	33			;
0.00885000	-0.00062000	1.57079637	66	34			;
0.00855000	-0.00062000	1.57079637	67	35			;
0.00825000	-0.00062000	1.57079637	68	36			;
0.00795000	-0.00062000	1.57079637	69	37			;
0.00765000	-0.00062000	1.57079637	70	38			;
0.00735000	-0.00062000	1.57079637	71	39			;
0.00705000	-0.00062000	1.57079637	72	40			;
0.00675000	-0.00062000	1.57079637	73	41			;
0.00645000	-0.00062000	1.57079637	74	42			;
0.00615000	-0.00062000	1.57079637	75	43			;
0.00585000	-0.00062000	1.57079637	76	44			;
0.00555000	-0.00062000	1.57079637	77	45			;
0.00525000	-0.00062000	1.57079637	78	46			;
0.00495000	-0.00062000	1.57079637	79	47			;
0.00465000	-0.00062000	1.57079637	80	48			;
0.00435000	-0.00062000	1.57079637	81	49			;
0.00405000	-0.00062000	1.57079637	82	50			;
0.00375000	-0.00062000	1.57079637	83	51			;
0.00345000	-0.00062000	1.57079637	84	52			;
0.00315000	-0.00062000	1.57079637	85	53			;
0.00285000	-0.00062000	1.57079637	86	54			;
0.00255000	-0.00062000	1.57079637	87	55			;
0.00225000	-0.00062000	1.57079637	88	56			;
0.00195000	-0.00062000	1.57079637	89	57			;
0.00165000	-0.00062000	1.57079637	90	58			;
0.00135000	-0.00062000	1.57079637	91	59			;
0.00105000	-0.00062000	1.57079637	92	60			;
0.00075000	-0.00062000	1.57079637	93	61			;
0.00045000	-0.00062000	1.57079637	94	62			;
0.00015000	-0.00062000	1.57079637	95	63			;
-0.00015000	-0.00062000	1.57079637	96	64			;
-0.00045000	-0.00062000	1.57079637	97	65			;
-0.00075000	-0.00062000	1.57079637	98	66			;
-0.00105000	-0.00062000	1.57079637	99	67			;
-0.00135000	-0.00062000	1.57079637	100	68			;
-0.00165000	-0.00062000	1.57079637	101	69			;
-0.00195000	-0.00062000	1.57079637	102	70			;
-0.00225000	-0.00062000	1.57079637	103	71			;
-0.00255000	-0.00062000	1.57079637	104	72			;
-0.00285000	-0.00062000	1.57079637	105	73			;
-0.00315000	-0.00062000	1.57079637	106	74			;
-0.00345000	-0.00062000	1.57079637	107	75			;
-0.00375000	-0.00062000	1.57079637	108	76			;
-0.00405000	-0.00062000	1.57079637	109	77			;
-0.00435000	-0.00062000	1.57079637	110	78			;
-0.00465000	-0.00062000	1.57079637	111	79			;
-0.00495000	-0.00062000	1.57079637	112	80			;
-0.00525000	-0.00062000	1.57079637	113	81			;
-0.00555000	-0.00062000	1.57079637	114	82			;
-0.00585000	-0.00062000	1.57079637	115	83			;
-0.00615000	-0.00062000	1.57079637	116	84			;
-0.00645000	-0.00062000	1.57079637	117	85			;
-0.00675000	-0.00062000	1.57079637	118	86			;
-0.00705000	-0.00062000	1.57079637	119	87			;
-0.00735000	-0.00062000	1.57079637	120	88			;
-0.00765000	-0.00062000	1.57079637	121	89			;
-0.00795000	-0.00062000	1.57079637	122	90			;
-0.00825000	-0.00062000	1.57079637	123	91			;
-0.00855000	-0.00062000	1.57079637	124	92			;
-0.00885000	-0.00062000	1.57079637	125	93			;
-0.00915000	-0.00062000	1.57079637	126	94			;
-0.00945000	-0.00062000	1.57079637	127	95			;
-0.00975000	-0.00062000	1.57079637	128	96			;
-0.01005000	-0.00062000	1.57079637	129	97			;
-0.01035000	-0.00062000	1.57079637	130	98			;
-0.01065000	-0.00062000	1.57079637	131	99			;
-0.01095000	-0.00062000	1.57079637	132	100			;
-0.01125000	-0.00062000	1.57079637	133	101			;
-0.01155000	-0.00062000	1.57079637	134	102			;
-0.01185000	-0.00062000	1.57079637	135	103			;
-0.01215000	-0.00062000	1.57079637	136	104			;
-0.01245000	-0.00062000	1.57079637	137	105			;
-0.01275000	-0.00062000	1.57079637	138	106			;
-0.01305000	-0.00062000	1.57079637	139	107			;
-0.01335000	-0.00062000	1.57079637	140	108			;
-0.01365000	-0.00062000	1.57079637	141	109			;
-0.01395000	-0.00062000	1.57079637	142	110			;
-0.01425000	-0.00062000	1.57079637	143	111			;
-0.01455000	-0.00062000	1.57079637	144	112			;
-0.01485000	-0.00062000	1.57079637	145	113			;
-0.01515000	-0.00062000	1.57079637	146	114			;
-0.01545000	-0.00062000	1.57079637	147	115			;
-0.01575000	-0.00062000	1.57079637	148	116			;
-0.01605000	-0.00062000	1.57079637	149	117			;
-0.01635000	-0.00062000	1.57079637	150	118			;
-0.01665000	-0.00062000	1.57079637	151	119			;
-0.01695000	-0.00062000	1.57079637	152	120			;
-0.01725000	-0.00062000	1.57079637	153	121			;
-0.01755000	-0.00062000	1.57079637	154	122			;
-0.01785000	-0.00062000	1.57079637	155	123			;
-0.01815000	-0.00062000	1.57079637	156	124			;
-0.01845000	-0.00062000	1.57079637	157	125			;
-0.01875000	-0.00062000	1.57079637	158	126			;
-0.01905000	-0.00062000	1.57079637	159	127			;
